MoverScore_en:0.07282096091432778
BLEU_lemma_en:0.0364143434489791
BLEU_sense_en:0.028960677238593763
