MoverScore_en:0.06011284318173784
BLEU_lemma_en:0.03989005799437504
BLEU_sense_en:0.03163743095877182
