MoverScore_en:0.04134304186428971
BLEU_lemma_en:0.032988930978654005
BLEU_sense_en:0.026146955300135156
