MoverScore_en:-0.11306905964189848
BLEU_lemma_en:0.02230212801527144
BLEU_sense_en:0.017947576339187803
