MoverScore_en:0.06284476644795306
BLEU_lemma_en:0.040055502377670416
BLEU_sense_en:0.03138836722895766
