MoverScore_en:0.07477674872492412
BLEU_lemma_en:0.040508382726595925
BLEU_sense_en:0.031231769722637897
