MoverScore_en:0.08370194196580029
BLEU_lemma_en:0.04313770096205938
BLEU_sense_en:0.032605063509794044
